 3.41151385927505e+000    2.55281690140845e+000
 5.54371002132196e+000    5.98591549295775e+000
 7.67590618336887e+000    8.27464788732394e+000
 9.59488272921109e+000    6.42605633802817e+000
 1.15138592750533e+001    9.24295774647887e+000
 1.34328358208955e+001    7.65845070422535e+000
 1.55650319829424e+001    7.21830985915493e+000
 1.76972281449893e+001    6.07394366197183e+000
 1.96162046908316e+001    5.36971830985916e+000
 2.13219616204691e+001    5.10563380281690e+000
 2.34541577825160e+001    4.66549295774648e+000
 2.55863539445629e+001    3.43309859154930e+000
 2.77185501066098e+001    2.55281690140845e+000
 2.94243070362473e+001    3.52112676056338e+000
 3.13432835820896e+001    3.87323943661972e+000
 3.34754797441365e+001    3.16901408450704e+000
 3.56076759061834e+001    9.68309859154930e-001
 3.73134328358209e+001    1.23239436619718e+000
 3.94456289978678e+001    1.84859154929577e+000
 4.13646055437100e+001    1.23239436619718e+000
 4.34968017057569e+001    5.28169014084507e-001
 4.56289978678038e+001    2.11267605633803e+000
 4.73347547974414e+001    5.28169014084507e-001
 4.92537313432836e+001    1.23239436619718e+000
 5.13859275053305e+001    1.23239436619718e+000
 5.35181236673774e+001    5.28169014084507e-001
 5.54371002132196e+001    7.92253521126761e-001
 5.73560767590618e+001    2.64084507042254e-001
 6.14072494669510e+001    7.92253521126761e-001
 6.52452025586354e+001    7.92253521126761e-001
 6.92963752665245e+001    5.28169014084507e-001
 7.52665245202559e+001    2.64084507042254e-001
 8.72068230277186e+001    2.64084507042254e-001
