 2.77185501066098e+000    2.10387323943662e+001
 4.90405117270789e+000    2.08626760563380e+001
 7.03624733475480e+000    2.13028169014084e+001
 8.74200426439232e+000    1.10915492957746e+001
 1.04477611940299e+001    7.57042253521127e+000
 1.25799573560768e+001    4.66549295774648e+000
 1.47121535181237e+001    2.99295774647887e+000
 1.68443496801706e+001    3.16901408450704e+000
 1.87633262260128e+001    1.58450704225352e+000
 2.04690831556503e+001    1.84859154929577e+000
 2.26012793176972e+001    7.04225352112676e-001
 2.47334754797441e+001    4.40140845070423e-001
 2.66524520255864e+001    7.04225352112676e-001
 2.85714285714286e+001    4.40140845070423e-001
 3.04904051172708e+001    9.68309859154930e-001
 3.66737739872068e+001    4.40140845070423e-001
